412143 398087
412182 411246
412731 287774
418281 402790
419502 398891
420771 303239
422151 305040
422319 396127
422795 396789
423359 397004
424828 279786
425084 407566
425089 395800
425150 404357
425177 300915
425272 392774
425564 398114
425649 403061
426012 405917
426110 379490
426272 299207
426282 311020
426707 300399
427135 400463
428154 422509
428361 300762
428736 400383
428834 406756
429013 394981
429948 298106
430315 297650
430448 309617
430536 389744
431073 294185
431363 275182
431592 397787
431964 288819
432115 299098
432272 409459
432273 403563
432356 303017
432445 301628
432460 401362
432510 381810
432581 293069
432759 291845
432945 292635
432962 294831
433333 386503
433415 404454
433423 401663
433645 306847
433808 293791
434103 276164
434158 311158
434570 392674
434794 295549
435077 299817
435285 432241
435310 297718
435432 394646
435722 299619
435813 305545
436347 301376
436404 408471
436472 389040
436629 391034
436663 378782
436771 306958
436951 305651
436957 284511
437023 390588
437025 406583
437267 296718
437269 285059
437285 409028
437555 310760
437647 294591
437649 292557
438419 307993
438688 307310
438803 396523
439196 402696
439444 312236
439513 294491
439734 382128
439804 300978
440044 305056
440051 315189
440330 303495
440434 395550
440556 419742
440561 315552
440601 298220
440638 393365
440743 390173
440766 306249
440782 390037
440965 381719
441073 278586
441093 286428
441285 411831
441361 406608
441706 308450
441708 398114
441729 421346
441898 408694
441954 295230
441988 395642
442001 409430
442065 397978
442235 393106
442343 397326
442622 401780
442708 302957
442797 400662
442812 414100
442899 292309
443064 296700
443106 302107
443167 307288
443323 301083
443401 305972
443540 319516
443676 296613
443706 307136
443749 308914
443752 440940
444161 310321
444286 304612
444311 295202
444614 383013
444838 303093
444918 394658
445008 279322
445217 299720
445261 393861
445320 300234
445365 383826
445490 403420
446013 413153
446041 394731
446232 398472
446259 408410
446310 388359
446840 398303
447070 283146
447144 293258
447384 406279
447411 400313
447453 310713
447887 420362
447912 410438
448322 288526
448515 297374
448944 403734
449095 289080
449331 302362
449381 413551
449516 295232
449611 408331
449910 389150
450107 387839
450498 295321
450577 299665
450842 395692
450953 393997
450954 396587
450995 395065
451179 282026
451260 389961
451408 304435
451412 295370
451568 300326
451578 298914
451588 275478
451944 303651
452482 307651
452682 398918
452900 289904
452994 394962
453223 406490
453398 290719
453425 294242
453769 375038
453774 398237
453814 287748
454293 381285
454464 402417
454508 418867
454578 298751
454726 283028
456043 410937
456244 396890
456858 411818
457920 289250
459715 360163
459844 295063
463039 400074
467224 316312
467281 354885
471224 414076
471427 350748
472141 352581
473585 353015
474062 360848
476665 340422
477238 349535
477243 364459
477590 328969
477926 340449
478297 357861
478321 360052
478434 356756
478759 345532
479795 326937
480240 348534
480831 359673
481435 341911
481567 335959
481628 360157
482053 347293
483030 357571
483674 334895
483915 343269
484023 352626
484899 348600
485549 343223
485663 349665
485877 351288
486179 360086
487611 354577
487658 358781
488266 353455
488293 326823
488654 342212
488701 343806
489126 343604
489461 346701
490062 339636
490076 338149
490238 364288
490240 349365
490243 342981
490332 344869
490364 337140
490692 368092
490818 351336
490845 346487
490997 362968
491003 352797
491213 352071
491708 349434
491801 359322
492099 347739
492276 341239
492279 350885
492576 360553
492616 352620
492993 339914
493057 349563
493113 373761
493650 358896
494217 346882
494280 334449
494321 356081
495052 331958
495416 354339
495568 353232
496315 353783
496542 353023
496603 340183
497048 357025
497109 353916
497250 369946
497397 375702
497608 343426
498273 355747
498284 365430
499413 339178
499546 343520
500683 344816
501372 355195
501393 347197
501783 335348
502093 346074
502727 357963
503243 332853
504041 347182
504636 344942
506005 335627
506024 353145
507029 353531
507296 351560
508293 360268
508353 350501
508804 351601
509272 338191
513407 340674
514802 363319
514886 315379
516048 397263
516132 301077
517210 290926
518514 302382
519554 290806
520038 310891
521140 324445
521364 388321
521562 396186
522535 295709
522593 390912
522865 296743
523026 400514
523777 298863
524532 293306
525552 293124
525797 400407
526674 391209
527272 410149
527319 397961
527895 296502
527942 397872
528276 395395
528889 295172
529223 297516
529665 410480
529740 396483
529824 306461
529977 414907
530032 399853
530151 290346
530296 274547
530336 307668
530942 387324
531273 407619
531377 406271
531415 405039
531429 402722
531740 313521
531922 381871
532313 388990
532569 301168
532732 404320
532754 300348
532875 304571
532908 398756
532924 306096
532989 294138
533031 396667
533150 276765
533333 406760
533416 406238
533455 271530
533767 393738
533775 413544
533786 399463
533852 409260
533896 300996
533923 407312
533990 413526
534196 386376
534226 398682
534491 302379
534735 310598
534946 391969
535322 310550
535407 385709
535456 414252
535714 281762
535731 305347
535823 398491
535900 299644
535919 385043
535979 290279
536214 318465
536280 298849
536473 401512
536539 392677
536611 390248
536656 416927
536767 397643
536788 392502
536990 407424
537013 296093
537049 404920
537097 303257
537143 418849
537388 304487
537533 404514
538412 410694
538442 299851
538525 405846
538704 397771
538726 415602
538741 310933
538990 412773
539275 378966
539492 309897
539584 397442
539591 407940
539850 304557
539936 292318
540005 388075
540057 291395
540139 405467
540383 298624
540388 292369
540475 404657
540569 293904
540597 310372
540637 298416
540706 292970
540728 403946
540820 402129
540893 298842
540922 294452
540988 299732
541021 414292
541048 408366
541409 408787
541505 396456
541605 396515
541736 386293
541884 399822
541950 309198
542037 400540
542195 393230
542205 396276
542269 289858
542455 407925
542526 400385
543029 405597
543179 305521
543185 303974
543392 307015
543472 303300
543725 300151
543753 392008
544190 286209
544234 288982
544295 288380
544327 413129
544431 314609
544441 407292
544466 296806
544704 289139
544987 406896
545005 305287
545013 311212
545048 308998
545242 289462
545301 286923
545559 393562
545696 279796
545892 303811
546208 307112
546312 409101
546675 302306
546754 394768
546819 308207
546850 400708
547073 304750
547167 301969
547221 307236
547818 302790
547832 404624
548046 395971
548069 416815
548610 306857
548733 301882
548784 284507
548876 298655
548888 292555
549058 294530
549198 395908
549251 400034
549760 408823
550418 406706
550526 295829
551269 313208
551861 392281
552022 396811
552133 297675
553037 406494
553095 316844
553387 411209
553531 297762
553645 303197
553820 409909
553941 299152
554370 280085
554398 292296
554611 305859
555333 390172
555976 314920
559639 305131
563820 391269
574088 396603
575805 402781
